434
0.4479846954345703 1.917218804359436 0.0
-0.9326622486114502 3.9793758392333984 0.0
-1.774423360824585 6.313923358917236 0.0
-2.0299999713897705 9.959229469299316 0.0
-2.0299999713897705 9.959229469299316 0.0
-2.0307703018188477 11.959229469299316 0.0
-2.031540632247925 13.959229469299316 0.0
-2.032311201095581 15.959228515625 0.0
-2.033081531524658 17.959228515625 0.0
-2.0338518619537354 19.959228515625 0.0
-2.0346224308013916 21.959228515625 0.0
-2.0353927612304688 23.959228515625 0.0
-2.036163091659546 25.959228515625 0.0
-2.036933660507202 27.959228515625 0.0
-2.0377039909362793 29.959228515625 0.0
-2.0384745597839355 31.959228515625 0.0
-2.0392448902130127 33.959228515625 0.0
-2.04001522064209 35.959228515625 0.0
-2.040785789489746 37.959228515625 0.0
-2.0415561199188232 39.959228515625 0.0
-2.0423264503479004 41.959228515625 0.0
-2.0430970191955566 43.959224700927734 0.0
-2.043867349624634 45.959224700927734 0.0
-2.044637680053711 47.959224700927734 0.0
-2.045408248901367 49.959224700927734 0.0
-2.0461785793304443 51.959224700927734 0.0
-2.0469491481781006 53.959224700927734 0.0
-2.0477194786071777 55.959224700927734 0.0
-2.048489809036255 57.959224700927734 0.0
-2.049260377883911 59.959224700927734 0.0
-2.0500307083129883 61.959224700927734 0.0
-2.0508010387420654 63.959224700927734 0.0
-2.0515716075897217 65.959228515625 0.0
-2.052341938018799 67.959228515625 0.0
-2.053112268447876 69.959228515625 0.0
-2.0538828372955322 71.959228515625 0.0
-2.0546531677246094 73.959228515625 0.0
-2.0554234981536865 75.95922088623047 0.0
-2.0561940670013428 77.95922088623047 0.0
-2.05696439743042 79.95922088623047 0.0
-2.057734966278076 81.95922088623047 0.0
-2.0585052967071533 83.95922088623047 0.0
-2.0592756271362305 85.95922088623047 0.0
-2.059906005859375 87.96060943603516 0.0
-2.0588924884796143 89.9610366821289 0.0
-2.0578479766845703 91.9610366821289 0.0
-2.0568032264709473 93.9610366821289 0.0
-2.0557587146759033 95.9610366821289 0.0
-2.0547142028808594 97.9610366821289 0.0
-2.0536694526672363 99.9610366821289 0.0
-2.0526249408721924 101.9610366821289 0.0
-2.0515804290771484 103.9610366821289 0.0
-2.0505356788635254 105.9610366821289 0.0
-2.0494911670684814 107.9610366821289 0.0
-2.0484466552734375 109.9610366821289 0.0
-2.0474019050598145 111.9610366821289 0.0
-2.0463573932647705 113.9610366821289 0.0
-2.0453128814697266 115.9610366821289 0.0
-2.0442681312561035 117.9610366821289 0.0
-2.0432236194610596 119.9610366821289 0.0
-2.0421791076660156 121.9610366821289 0.0
-2.0411343574523926 123.9610366821289 0.0
-2.0400898456573486 125.9610366821289 0.0
-2.0390453338623047 127.9610366821289 0.0
-2.0380005836486816 129.96102905273438 0.0
-2.0369560718536377 131.96102905273438 0.0
-2.0359115600585938 133.96102905273438 0.0
-2.0348668098449707 135.96102905273438 0.0
-2.0338222980499268 137.96102905273438 0.0
-2.032777786254883 139.96102905273438 0.0
-2.0317330360412598 141.96102905273438 0.0
-2.030688524246216 143.96102905273438 0.0
-2.029644012451172 145.96102905273438 0.0
-2.028599262237549 147.96102905273438 0.0
-2.027554750442505 149.96102905273438 0.0
-2.026510238647461 151.96102905273438 0.0
-2.025465488433838 153.96102905273438 0.0
-2.024420976638794 155.96102905273438 0.0
-2.02337646484375 157.96102905273438 0.0
-2.022331714630127 159.96102905273438 0.0
-2.021287202835083 161.96102905273438 0.0
-2.020242691040039 163.96102905273438 0.0
-2.019197940826416 165.96102905273438 0.0
-2.018153429031372 167.96102905273438 0.0
-2.017108917236328 169.96102905273438 0.0
-2.016064167022705 171.96102905273438 0.0
-2.015019655227661 173.96102905273438 0.0
-2.013975143432617 175.96102905273438 0.0
-2.012930393218994 177.96102905273438 0.0
-2.01188588142395 179.96102905273438 0.0
-2.0108413696289062 181.96102905273438 0.0
-2.009796619415283 183.96102905273438 0.0
-2.0087521076202393 185.96102905273438 0.0
-2.0077075958251953 187.96102905273438 0.0
-2.0066628456115723 189.9610137939453 0.0
-2.0056183338165283 191.9610137939453 0.0
-2.0045738220214844 193.9610137939453 0.0
-2.0035290718078613 195.9610137939453 0.0
-2.0024845600128174 197.9610137939453 0.0
-2.0014400482177734 199.9610137939453 0.0
-2.0003952980041504 201.9610137939453 0.0
-1.9993507862091064 203.9610137939453 0.0
-1.9983062744140625 205.9610137939453 0.0
-1.997261643409729 207.9610137939453 0.0
-1.9962170124053955 209.9610137939453 0.0
-1.9951725006103516 211.9610137939453 0.0
-1.994127869606018 213.9610137939453 0.0
-1.9930832386016846 215.9610137939453 0.0
-1.9920387268066406 217.96099853515625 0.0
-1.9909940958023071 219.96099853515625 0.0
-1.9899494647979736 221.96099853515625 0.0
-1.9889049530029297 223.96099853515625 0.0
-1.9878603219985962 225.96099853515625 0.0
-1.9868156909942627 227.96099853515625 0.0
-1.9857711791992188 229.96099853515625 0.0
-1.9847265481948853 231.96099853515625 0.0
-1.9836819171905518 233.96099853515625 0.0
-1.9826374053955078 235.96099853515625 0.0
-1.9815927743911743 237.96099853515625 0.0
-1.9805481433868408 239.96099853515625 0.0
-1.9801239967346191 241.95970153808594 0.0
-1.980385184288025 243.95970153808594 0.0
-1.9806462526321411 245.95970153808594 0.0
-1.9809074401855469 247.95970153808594 0.0
-1.981168508529663 249.95970153808594 0.0
-1.9814296960830688 251.95970153808594 0.0
-1.981690764427185 253.95970153808594 0.0
-1.9819519519805908 255.95970153808594 0.0
-1.982213020324707 257.9596862792969 0.0
-1.9824742078781128 259.9596862792969 0.0
-1.9827353954315186 261.9596862792969 0.0
-1.9829964637756348 263.9596862792969 0.0
-1.9832576513290405 265.9596862792969 0.0
-1.9835187196731567 267.9596862792969 0.0
-1.9837799072265625 269.9596862792969 0.0
-1.9840409755706787 271.9596862792969 0.0
-1.9843021631240845 273.9596862792969 0.0
-1.9845632314682007 275.9596862792969 0.0
-1.9848244190216064 277.9596862792969 0.0
-1.9850854873657227 279.9596862792969 0.0
-1.9853466749191284 281.9596862792969 0.0
-1.9856077432632446 283.9596862792969 0.0
-1.9858689308166504 285.9596862792969 0.0
-1.9861299991607666 287.9596862792969 0.0
-1.9863911867141724 289.9596862792969 0.0
-1.9866522550582886 291.9596862792969 0.0
-1.9869134426116943 293.9596862792969 0.0
-1.9871745109558105 295.9596862792969 0.0
-1.9874356985092163 297.9596862792969 0.0
-1.9876967668533325 299.9596862792969 0.0
-1.9879579544067383 301.9596862792969 0.0
-1.988219141960144 303.9596862792969 0.0
-1.9884802103042603 305.9596862792969 0.0
-1.988741397857666 307.9596862792969 0.0
-1.9890024662017822 309.9596862792969 0.0
-1.989263653755188 311.9596862792969 0.0
-1.9895247220993042 313.9596862792969 0.0
-1.9900000095367432 317.6001281738281 0.0
-1.9900000095367432 317.6001281738281 0.0
-1.8622934818267822 319.86895751953125 0.0
-1.343270182609558 322.15283203125 0.0
-0.43992316722869873 324.313720703125 0.0
0.8209325075149536 326.2874450683594 0.0
2.500894069671631 328.050048828125 0.0
4.552231311798096 329.3973388671875 0.0
6.856550216674805 330.241943359375 0.0
10.008929252624512 330.53997802734375 0.0
10.008929252624512 330.53997802734375 0.0
12.008929252624512 330.5410461425781 0.0
14.008929252624512 330.5421142578125 0.0
16.008926391601562 330.5431823730469 0.0
18.008926391601562 330.54425048828125 0.0
20.008926391601562 330.54534912109375 0.0
22.008926391601562 330.5464172363281 0.0
24.008926391601562 330.5474853515625 0.0
26.008926391601562 330.5485534667969 0.0
28.008926391601562 330.54962158203125 0.0
30.00892448425293 330.5506896972656 0.0
32.0089225769043 330.5517578125 0.0
34.0089225769043 330.5528259277344 0.0
36.0089225769043 330.55389404296875 0.0
38.0089225769043 330.55499267578125 0.0
40.0089225769043 330.5560607910156 0.0
42.0089225769043 330.55712890625 0.0
44.0089225769043 330.5581970214844 0.0
46.0089225769043 330.55926513671875 0.0
48.0089225769043 330.5603332519531 0.0
50.0089225769043 330.5614013671875 0.0
52.0089225769043 330.5624694824219 0.0
54.0089225769043 330.56353759765625 0.0
56.0089225769043 330.5646057128906 0.0
58.0089225769043 330.5657043457031 0.0
60.0089225769043 330.5667724609375 0.0
62.0089225769043 330.5678405761719 0.0
64.00892639160156 330.56890869140625 0.0
66.00892639160156 330.5699768066406 0.0
68.00892639160156 330.571044921875 0.0
70.00892639160156 330.5721130371094 0.0
72.00892639160156 330.57318115234375 0.0
74.00892639160156 330.5742492675781 0.0
76.00892639160156 330.5753479003906 0.0
79.63892364501953 330.5772705078125 0.0
79.63892364501953 330.5772705078125 0.0
81.98115539550781 330.38763427734375 0.0
84.27838134765625 329.742919921875 0.0
86.40729522705078 328.6656188964844 0.0
88.28727722167969 327.1964111328125 0.0
89.83834075927734 325.41925048828125 0.0
91.04804229736328 323.40985107421875 0.0
91.89112854003906 321.2211608886719 0.0
92.4182357788086 317.2996826171875 0.0
92.4182357788086 317.2996826171875 0.0
92.41793060302734 315.2996826171875 0.0
92.4176254272461 313.2996826171875 0.0
92.41732788085938 311.2996826171875 0.0
92.41702270507812 309.2996826171875 0.0
92.41671752929688 307.2996826171875 0.0
92.41641235351562 305.2996826171875 0.0
92.41610717773438 303.2996826171875 0.0
92.41580200195312 301.2996826171875 0.0
92.4155044555664 299.2996826171875 0.0
92.41519927978516 297.2996826171875 0.0
92.4148941040039 295.2996826171875 0.0
92.41458892822266 293.2996826171875 0.0
92.4142837524414 291.2996826171875 0.0
92.41397857666016 289.2996826171875 0.0
92.4136734008789 287.2996826171875 0.0
92.41337585449219 285.2996826171875 0.0
92.41307067871094 283.2996826171875 0.0
92.41276550292969 281.2996826171875 0.0
92.41246032714844 279.2996826171875 0.0
92.41215515136719 277.2996826171875 0.0
92.41184997558594 275.2996826171875 0.0
92.41155242919922 273.2996826171875 0.0
92.41124725341797 271.2996826171875 0.0
92.41094207763672 269.2996826171875 0.0
92.41063690185547 267.2996826171875 0.0
92.41033172607422 265.2996826171875 0.0
92.41002655029297 263.2996826171875 0.0
92.40972137451172 261.2996826171875 0.0
92.409423828125 259.2996826171875 0.0
92.40911865234375 257.2996826171875 0.0
92.4088134765625 255.29969787597656 0.0
92.40850830078125 253.29969787597656 0.0
92.408203125 251.29969787597656 0.0
92.40789794921875 249.29969787597656 0.0
92.4075927734375 247.29969787597656 0.0
92.40729522705078 245.29969787597656 0.0
92.40699005126953 243.29969787597656 0.0
92.40668487548828 241.29969787597656 0.0
92.40637969970703 239.29969787597656 0.0
92.40607452392578 237.29969787597656 0.0
92.40576934814453 235.29969787597656 0.0
92.40547180175781 233.29969787597656 0.0
92.40516662597656 231.29969787597656 0.0
92.40486145019531 229.29969787597656 0.0
92.40455627441406 227.29969787597656 0.0
92.40425109863281 225.29969787597656 0.0
92.40394592285156 223.29969787597656 0.0
92.40364074707031 221.29969787597656 0.0
92.4033432006836 219.29969787597656 0.0
92.40303802490234 217.29969787597656 0.0
92.4027328491211 215.29969787597656 0.0
92.40242767333984 213.29969787597656 0.0
92.4021224975586 211.29969787597656 0.0
92.40167236328125 208.32969665527344 0.0
92.40167236328125 208.32969665527344 0.0
92.4013671875 206.32969665527344 0.0
92.48307037353516 204.64852905273438 0.0
92.89635467529297 203.1715850830078 0.0
93.63740539550781 201.82882690429688 0.0
94.66293334960938 200.69650268554688 0.0
95.91739654541016 199.84506225585938 0.0
97.3383560180664 199.31634521484375 0.0
98.85205078125 199.1406707763672 0.0
101.41983795166016 199.14088439941406 0.0
101.41983795166016 199.14088439941406 0.0
103.41983795166016 199.14105224609375 0.0
105.41983795166016 199.14120483398438 0.0
107.41983795166016 199.14137268066406 0.0
109.41983795166016 199.14154052734375 0.0
111.41983795166016 199.14169311523438 0.0
113.41983795166016 199.14186096191406 0.0
115.41983795166016 199.14202880859375 0.0
117.41983795166016 199.14218139648438 0.0
119.41983795166016 199.14234924316406 0.0
121.41983795166016 199.14251708984375 0.0
123.41983795166016 199.14266967773438 0.0
125.41983795166016 199.14283752441406 0.0
127.41983795166016 199.1429901123047 0.0
129.41983032226562 199.14315795898438 0.0
131.41983032226562 199.14332580566406 0.0
133.41983032226562 199.1434783935547 0.0
135.41983032226562 199.14364624023438 0.0
137.41983032226562 199.14381408691406 0.0
139.41983032226562 199.1439666748047 0.0
141.41983032226562 199.14413452148438 0.0
143.41983032226562 199.14430236816406 0.0
145.41983032226562 199.1444549560547 0.0
147.41983032226562 199.14462280273438 0.0
149.41983032226562 199.14479064941406 0.0
151.41983032226562 199.1449432373047 0.0
153.41983032226562 199.14511108398438 0.0
155.41983032226562 199.14527893066406 0.0
157.41983032226562 199.1454315185547 0.0
159.41983032226562 199.14559936523438 0.0
161.41983032226562 199.14576721191406 0.0
163.41983032226562 199.1459197998047 0.0
165.41983032226562 199.14608764648438 0.0
167.41983032226562 199.146240234375 0.0
169.41983032226562 199.1464080810547 0.0
171.41983032226562 199.14657592773438 0.0
173.41983032226562 199.146728515625 0.0
175.41983032226562 199.1468963623047 0.0
177.41983032226562 199.14706420898438 0.0
179.41983032226562 199.147216796875 0.0
181.41983032226562 199.1473846435547 0.0
183.41983032226562 199.14755249023438 0.0
185.41983032226562 199.147705078125 0.0
187.41983032226562 199.1478729248047 0.0
189.41983032226562 199.14804077148438 0.0
191.41983032226562 199.148193359375 0.0
193.41983032226562 199.1483612060547 0.0
195.41983032226562 199.14852905273438 0.0
197.41983032226562 199.148681640625 0.0
199.41983032226562 199.1488494873047 0.0
201.41983032226562 199.14901733398438 0.0
203.41983032226562 199.149169921875 0.0
205.41983032226562 199.1493377685547 0.0
207.41983032226562 199.1494903564453 0.0
209.41983032226562 199.149658203125 0.0
211.41983032226562 199.1498260498047 0.0
213.41983032226562 199.1499786376953 0.0
215.41983032226562 199.150146484375 0.0
217.41983032226562 199.1503143310547 0.0
219.41983032226562 199.1504669189453 0.0
221.41983032226562 199.150634765625 0.0
223.41983032226562 199.1508026123047 0.0
225.41983032226562 199.1509552001953 0.0
227.41983032226562 199.151123046875 0.0
229.41983032226562 199.1512908935547 0.0
231.41983032226562 199.1514434814453 0.0
233.41983032226562 199.151611328125 0.0
235.41983032226562 199.1517791748047 0.0
237.41983032226562 199.1519317626953 0.0
239.41983032226562 199.152099609375 0.0
241.41983032226562 199.1522674560547 0.0
243.41983032226562 199.1524200439453 0.0
245.41983032226562 199.152587890625 0.0
247.41983032226562 199.1527557373047 0.0
249.41983032226562 199.1529083251953 0.0
251.41983032226562 199.153076171875 0.0
253.41983032226562 199.15322875976562 0.0
255.41983032226562 199.1533966064453 0.0
257.4198303222656 199.153564453125 0.0
259.4198303222656 199.15371704101562 0.0
261.4198303222656 199.1538848876953 0.0
263.4198303222656 199.154052734375 0.0
265.4198303222656 199.15420532226562 0.0
267.4198303222656 199.1543731689453 0.0
269.4198303222656 199.154541015625 0.0
271.4198303222656 199.15469360351562 0.0
273.4198303222656 199.1548614501953 0.0
275.4198303222656 199.155029296875 0.0
277.4198303222656 199.15518188476562 0.0
279.4198303222656 199.1553497314453 0.0
281.4198303222656 199.155517578125 0.0
283.4198303222656 199.15567016601562 0.0
285.4198303222656 199.1558380126953 0.0
287.4198303222656 199.156005859375 0.0
289.4198303222656 199.15615844726562 0.0
291.4198303222656 199.1563262939453 0.0
293.4198303222656 199.15647888183594 0.0
295.4198303222656 199.15664672851562 0.0
297.4198303222656 199.1568145751953 0.0
299.4198303222656 199.15696716308594 0.0
301.4198303222656 199.15713500976562 0.0
303.4198303222656 199.1573028564453 0.0
305.4198303222656 199.15745544433594 0.0
307.4198303222656 199.15762329101562 0.0
309.4198303222656 199.1577911376953 0.0
311.4198303222656 199.15794372558594 0.0
313.4198303222656 199.15811157226562 0.0
315.4198303222656 199.1582794189453 0.0
317.4198303222656 199.15843200683594 0.0
319.4198303222656 199.15859985351562 0.0
321.4198303222656 199.1587677001953 0.0
323.4198303222656 199.15892028808594 0.0
325.66986083984375 199.15911865234375 0.0
325.66986083984375 199.15911865234375 0.0
327.66986083984375 199.15928649902344 0.0
330.0401611328125 198.97201538085938 0.0
332.3972473144531 198.21267700195312 0.0
334.50469970703125 196.91232299804688 0.0
336.2295227050781 195.16531372070312 0.0
337.5166015625 193.1410369873047 0.0
338.37261962890625 190.90013122558594 0.0
338.76300048828125 188.5332794189453 0.0
338.78778076171875 185.6511688232422 0.0
338.78778076171875 185.6511688232422 0.0
338.78900146484375 183.6511688232422 0.0
338.7901916503906 181.6511688232422 0.0
338.7914123535156 179.6511688232422 0.0
338.7926025390625 177.6511688232422 0.0
338.7938232421875 175.6511688232422 0.0
338.7950439453125 173.6511688232422 0.0
338.7962341308594 171.6511688232422 0.0
338.7974548339844 169.6511688232422 0.0
338.79864501953125 167.6511688232422 0.0
338.79986572265625 165.6511688232422 0.0
338.80108642578125 163.6511688232422 0.0
338.8022766113281 161.6511688232422 0.0
338.8034973144531 159.6511688232422 0.0
338.8046875 157.6511688232422 0.0
338.805908203125 155.6511688232422 0.0
338.8070983886719 153.6511688232422 0.0
338.8083190917969 151.6511688232422 0.0
338.8095397949219 149.6511688232422 0.0
338.81072998046875 147.6511688232422 0.0
338.8131408691406 143.6711883544922 0.0
338.8131408691406 143.6711883544922 0.0
338.8143615722656 141.6711883544922 0.0
338.8155517578125 139.6711883544922 0.0
338.8167724609375 137.6711883544922 0.0
338.8179626464844 135.6711883544922 0.0
338.8191833496094 133.6711883544922 0.0
338.8204040527344 131.6711883544922 0.0
338.82159423828125 129.6711883544922 0.0
338.82281494140625 127.67118072509766 0.0
338.8240051269531 125.67118072509766 0.0
338.8252258300781 123.67118072509766 0.0
338.82708740234375 120.58119201660156 0.0
338.82708740234375 120.58119201660156 0.0
338.8282775878906 118.58119201660156 0.0

