0.447985 1.91722 90 -13.8407 1.91722 14.2887
-2.03 9.95923 108 -38.9291 -2.03 38.798
-2.03 9.95923 126 -0.652888 10.9598 1.7022
-2.03077 11.9592 54 -7.53338 15.9571 6.8016
-2.03385 19.9592 126 -0.656739 20.9598 1.7022
-2.03462 21.9592 54 -7.53723 25.9571 6.8016
-2.0377 29.9592 126 -0.660592 30.9598 1.7022
-2.03847 31.9592 54 -7.54109 35.9571 6.8016
-2.04156 39.9592 126 -0.664444 40.9598 1.7022
-2.04233 41.9592 54 -7.54493 45.9571 6.8016
-2.04541 49.9592 126 -0.668296 50.9598 1.7022
-2.04618 51.9592 54 -7.54879 55.9571 6.8016
-2.04926 59.9592 126 -0.672148 60.9598 1.7022
-2.05003 61.9592 54 -7.55264 65.9571 6.8016
-2.05311 69.9592 126 -0.676 70.9598 1.7022
-2.05388 71.9592 54 -7.55649 75.9571 6.80159
-2.05696 79.9592 126 -0.679852 80.9598 1.7022
-2.05773 81.9592 54 -7.56342 85.9593 6.8054
-2.05889 89.961 144 -1.33263 90.9607 1.2356
-2.05785 91.961 18 -2.7078 93.9614 2.10328
-2.05576 95.961 144 -1.32949 96.9607 1.2356
-2.05471 97.961 18 -2.70466 99.9614 2.10328
-2.05262 101.961 144 -1.32636 102.961 1.2356
-2.05158 103.961 18 -2.70153 105.961 2.10328
-2.04949 107.961 144 -1.32322 108.961 1.2356
-2.04845 109.961 18 -2.6984 111.961 2.10328
-2.04636 113.961 144 -1.32009 114.961 1.2356
-2.04531 115.961 18 -2.69526 117.961 2.10328
-2.04322 119.961 144 -1.31696 120.961 1.2356
-2.04218 121.961 18 -2.69213 123.961 2.10328
-2.04009 125.961 144 -1.31382 126.961 1.2356
-2.03905 127.961 18 -2.68899 129.961 2.10328
-2.03696 131.961 144 -1.31069 132.961 1.2356
-2.03591 133.961 18 -2.68586 135.961 2.10328
-2.03382 137.961 144 -1.30756 138.961 1.2356
-2.03278 139.961 18 -2.68273 141.961 2.10328
-2.03069 143.961 144 -1.30442 144.961 1.2356
-2.02964 145.961 18 -2.67959 147.961 2.10328
-2.02755 149.961 144 -1.30129 150.961 1.2356
-2.02651 151.961 18 -2.67646 153.961 2.10328
-2.02442 155.961 144 -1.29815 156.961 1.2356
-2.02338 157.961 18 -2.67333 159.961 2.10328
-2.02129 161.961 144 -1.29502 162.961 1.2356
-2.02024 163.961 18 -2.67019 165.961 2.10328
-2.01815 167.961 144 -1.29189 168.961 1.2356
-2.01711 169.961 18 -2.66706 171.961 2.10328
-2.01502 173.961 144 -1.28875 174.961 1.2356
-2.01398 175.961 18 -2.66393 177.961 2.10328
-2.01189 179.961 144 -1.28562 180.961 1.2356
-2.01084 181.961 18 -2.66079 183.961 2.10328
-2.00875 185.961 144 -1.28248 186.961 1.2356
-2.00771 187.961 18 -2.65765 189.961 2.10327
-2.00562 191.961 144 -1.27935 192.961 1.2356
-2.00457 193.961 18 -2.65452 195.961 2.10328
-2.00248 197.961 144 -1.27622 198.961 1.2356
-2.00144 199.961 18 -2.65139 201.961 2.10328
-1.99935 203.961 144 -1.27308 204.961 1.2356
-1.99831 205.961 18 -2.64826 207.961 2.10328
-1.99622 209.961 144 -1.26995 210.961 1.2356
-1.99517 211.961 18 -2.64512 213.961 2.10328
-1.99308 215.961 144 -1.26682 216.961 1.23559
-1.99204 217.961 18 -2.64199 219.961 2.10328
-1.98995 221.961 144 -1.26368 222.961 1.2356
-1.9889 223.961 18 -2.63885 225.961 2.10328
-1.98682 227.961 144 -1.26055 228.961 1.2356
-1.98577 229.961 18 -2.63572 231.961 2.10328
-1.98368 233.961 144 -1.25741 234.961 1.2356
-1.98264 235.961 18 -2.63259 237.961 2.10328
-1.98055 239.961 144 -1.25459 240.96 1.23508
-1.98012 241.96 18 -2.62994 243.96 2.10284
-1.98065 245.96 162 -1.65571 246.96 1.05151
-1.98091 247.96 18 -2.95563 250.96 3.15425
-1.98169 253.96 162 -1.65676 254.96 1.05151
-1.98195 255.96 18 -2.63176 257.96 2.10283
-1.98247 259.96 162 -1.65754 260.96 1.05151
-1.98274 261.96 18 -2.63255 263.96 2.10284
-1.98326 265.96 162 -1.65832 266.96 1.05151
-1.98352 267.96 18 -2.63333 269.96 2.10284
-1.98404 271.96 162 -1.65911 272.96 1.05151
-1.9843 273.96 18 -2.63411 275.96 2.10284
-1.98482 277.96 162 -1.65989 278.96 1.05151
-1.98509 279.96 18 -2.6349 281.96 2.10284
-1.98561 283.96 162 -1.66067 284.96 1.05151
-1.98587 285.96 18 -2.63568 287.96 2.10284
-1.98639 289.96 162 -1.66146 290.96 1.05151
-1.98665 291.96 18 -2.63646 293.96 2.10284
-1.98717 295.96 162 -1.66224 296.96 1.05151
-1.98744 297.96 18 -2.63725 299.96 2.10284
-1.98796 301.96 162 -1.66302 302.96 1.05151
-1.98822 303.96 18 -2.63803 305.96 2.10284
-1.98874 307.96 162 -1.66381 308.96 1.05151
-1.989 309.96 18 -2.63881 311.96 2.10284
-1.98952 313.96 162 -1.39807 315.78 1.91397
-1.99 317.6 18 101.851 -1.99 336.037
-1.99 317.6 0 -1.99 319.922 2.32229
-1.34327 322.153 162 -0.61191 324.404 2.36673
0.820933 326.287 324 2.29341 328.314 2.50512
4.55223 329.397 126 7.98568 331.892 4.24397
12.0089 330.541 234 13.0093 329.814 1.23655
14.0089 330.542 126 17.0078 332.721 3.70675
20.0089 330.545 234 21.0093 329.819 1.23655
22.0089 330.546 126 24.0082 331.999 2.47118
26.0089 330.549 234 27.0093 329.822 1.23655
28.0089 330.55 126 30.0081 332.002 2.47118
32.0089 330.552 234 33.0093 329.825 1.23655
34.0089 330.553 126 36.0081 332.005 2.47116
38.0089 330.555 234 39.0093 329.828 1.23655
40.0089 330.556 126 42.0081 332.009 2.47118
44.0089 330.558 234 45.0093 329.831 1.23655
46.0089 330.559 126 48.0081 332.012 2.47118
50.0089 330.561 234 51.0093 329.835 1.23655
52.0089 330.562 126 54.0081 332.015 2.47118
56.0089 330.565 234 57.0093 329.838 1.23656
58.0089 330.566 126 60.0081 332.018 2.47118
62.0089 330.568 234 63.0093 329.841 1.23655
64.0089 330.569 126 66.0082 332.021 2.47118
68.0089 330.571 234 69.0093 329.844 1.23655
70.0089 330.572 126 72.0082 332.025 2.47118
74.0089 330.574 234 75.0093 329.847 1.23656
76.0089 330.575 126 79.0678 332.798 3.78103
81.9812 330.388 216 82.875 329.157 1.52065
84.2784 329.743 108 90.2478 331.683 6.27662
89.8383 325.419 162 89.2854 323.718 1.78927
91.048 323.41 90 129.049 323.41 38.0011
92.4176 313.3 90 90283.3 313.3 90190.9
92.4831 204.649 90 97.1555 204.649 4.67238
94.6629 200.697 144 99.8707 207.864 8.85996
101.42 199.141 180 101.42 101.42 97.721
101.42 199.141 180 101.42 25165.2 24966.1
105.42 199.141 180 105.42 24030.4 23831.2
109.42 199.142 180 109.42 25165.2 24966.1
113.42 199.142 180 113.42 25165.2 24966.1
117.42 199.142 180 117.42 24030.4 23831.2
121.42 199.143 180 121.42 25165.2 24966.1
125.42 199.143 180 125.42 25165.1 24966
129.42 199.143 180 129.42 25165.2 24966.1
133.42 199.143 180 133.42 24030.4 23831.2
137.42 199.144 180 137.42 25165.2 24966.1
141.42 199.144 180 141.42 25165.2 24966.1
145.42 199.144 180 145.42 24030.4 23831.2
149.42 199.145 180 149.42 25165.2 24966.1
153.42 199.145 180 153.42 25165.2 24966.1
157.42 199.145 180 157.42 24030.4 23831.2
161.42 199.146 180 161.42 25165.2 24966.1
165.42 199.146 180 165.42 25165.2 24966.1
169.42 199.146 180 169.42 25165.2 24966.1
173.42 199.147 180 173.42 24030.4 23831.2
177.42 199.147 180 177.42 25165.2 24966.1
181.42 199.147 180 181.42 25165.2 24966.1
185.42 199.148 180 185.42 24030.4 23831.2
189.42 199.148 180 189.42 25165.2 24966.1
193.42 199.148 180 193.42 25165.2 24966.1
197.42 199.149 180 197.42 24030.4 23831.2
201.42 199.149 180 201.42 25165.2 24966.1
205.42 199.149 180 205.42 25165.2 24966.1
209.42 199.15 180 209.42 25165.2 24966.1
213.42 199.15 180 213.42 24030.4 23831.2
217.42 199.15 180 217.42 25165.2 24966.1
221.42 199.151 180 221.42 25165.2 24966.1
225.42 199.151 180 225.42 24030.4 23831.2
229.42 199.151 180 229.42 25165.2 24966.1
233.42 199.152 180 233.42 25165.2 24966.1
237.42 199.152 180 237.42 24030.4 23831.2
241.42 199.152 180 241.42 25165.2 24966.1
245.42 199.153 180 245.42 25165.2 24966.1
249.42 199.153 180 249.42 25165.2 24966.1
253.42 199.153 180 253.42 24030.4 23831.2
257.42 199.154 180 257.42 25165.2 24966.1
261.42 199.154 180 261.42 25165.2 24966.1
265.42 199.154 180 265.42 24030.4 23831.2
269.42 199.155 180 269.42 25165.2 24966.1
273.42 199.155 180 273.42 25165.2 24966.1
277.42 199.155 180 277.42 24030.4 23831.2
281.42 199.156 180 281.42 25165.2 24966.1
285.42 199.156 180 285.42 25165.2 24966.1
289.42 199.156 180 289.42 25165.2 24966.1
293.42 199.156 180 293.42 24030.4 23831.2
297.42 199.157 180 297.42 25165.2 24966.1
301.42 199.157 180 301.42 25165.2 24966.1
305.42 199.157 180 305.42 24030.4 23831.2
309.42 199.158 180 309.42 25165.2 24966.1
313.42 199.158 180 313.42 25165.2 24966.1
317.42 199.158 180 317.42 24030.4 23831.2
321.42 199.159 180 321.42 25933.1 25733.9
325.67 199.159 198 284.564 325.67 133.021
325.67 199.159 216 326.67 197.783 1.7015
327.67 199.159 144 342.237 219.209 24.7825
336.23 195.165 162 335.647 193.374 1.88359
337.517 193.141 90 373.542 193.141 36.0251
338.789 183.651 90 3657.07 183.651 3318.28
338.791 179.651 90 3657.07 179.651 3318.28
338.794 175.651 90 3657.07 175.651 3318.28
338.796 171.651 90 3657.08 171.651 3318.28
338.799 167.651 90 3615.6 167.651 3276.8
338.801 163.651 90 3657.08 163.651 3318.28
338.803 159.651 90 3657.08 159.651 3318.28
338.806 155.651 90 3657.09 155.651 3318.28
338.808 151.651 90 3657.09 151.651 3318.28
338.811 147.651 90 3623.96 147.651 3285.15
338.813 143.671 90 3657.09 143.671 3318.28
338.816 139.671 90 3657.09 139.671 3318.28
338.818 135.671 90 3615.62 135.671 3276.8
338.82 131.671 90 3657.11 131.671 3318.29
338.823 127.671 90 3657.1 127.671 3318.28
338.825 123.671 90 2903.33 123.671 2564.51
338.827 120.581 90 2019.24 120.581 1680.41
338.828 118.581 90 -1 0 1

